  -3.55846453   11.10046101  443.68023682   -0.10519    0.83441   -0.54101    1.0000000000      2      0 
-186.87550354   -1.38313138  470.55691528   -0.10708    0.84644   -0.52160    1.0000000000      2      0 
 -69.74681091    1.42990184  445.51580811   -0.09772    0.81298   -0.57403    1.0000000000      2      0 
-129.68023682   -2.73466325  454.15759277   -0.10236    0.82005   -0.56306    1.0000000000      2      0 
 -14.28844929   -4.29906893  421.54275513   -0.11089    0.79958   -0.59023    1.0000000000      2      0 
-140.07321167  -33.03622437  407.93823242   -0.09738    0.83472   -0.54199    1.0000000000      2      0 
 -61.70614243   37.49732971  501.78500366   -0.10323    0.83993   -0.53279    1.0000000000      2      0 
-116.26874542   32.54770279  507.72692871   -0.10489    0.84631   -0.52227    1.0000000000      2      0 
 -10.84952164   56.34873199  518.90734863   -0.12896    0.83505   -0.53485    1.0000000000      2      0 
  11.54968929   93.43762207  572.61578369   -0.10507    0.82702   -0.55226    1.0000000000      2      0 
-211.19279480   -3.41958785  473.12625122   -0.15138    0.83104   -0.53522    1.0000000000      2      0 
 -28.28555107  120.82834625  627.26184082   -0.15510    0.83777   -0.52354    1.0000000000      2      0 
-220.56594849  -32.35736465  429.25372314   -0.08466    0.83478   -0.54404    1.0000000000      2      0 
-232.67851257  -43.98611069  413.43600464   -0.08088    0.83920   -0.53777    1.0000000000      2      0 
-270.60525513  -14.16237736  470.56219482   -0.09584    0.79560   -0.59820    1.0000000000      2      0 
 -78.01081848  141.60136414  673.15466309   -0.17620    0.82251   -0.54077    1.0000000000      2      0 
-107.25421143   90.27862549  599.14495850   -0.17450    0.82478   -0.53785    1.0000000000      2      0 
 -28.48422623  136.10838318  651.73645020   -0.16075    0.85060   -0.50064    1.0000000000      2      0 
-189.04855347  130.63595581  494.19039917   -0.14540    0.87387   -0.46392    1.0000000000      2      0 
-114.62826538  186.41821289  566.25665283   -0.20518    0.80192   -0.56110    1.0000000000      2      0 
-282.72824097  103.97676849  474.57019043   -0.14808    0.85478   -0.49742    1.0000000000      2      0 
-113.05599213  132.08233643  666.92370605   -0.19387    0.83746   -0.51096    1.0000000000      2      0 
-113.44507599  114.67314911  640.59478760   -0.17321    0.84201   -0.51091    1.0000000000      2      0 
-129.61018372   72.16788483  577.56567383   -0.14945    0.83138   -0.53523    1.0000000000      2      0 
-152.84823608  141.02650452  691.44097900   -0.20796    0.82510   -0.52532    1.0000000000      2      0 
-216.63502502   92.05319977  440.16613770   -0.13827    0.85023   -0.50792    1.0000000000      2      0 
-253.97454834  154.48460388  548.96020508   -0.12556    0.87442   -0.46864    1.0000000000      2      0 
-141.42080688  104.64662170  442.20529175   -0.12320    0.85053   -0.51130    1.0000000000      2      0 
-120.72286987  151.27531433  511.08126831   -0.14271    0.86289   -0.48483    1.0000000000      2      0 
-202.89077759  120.05371857  670.32757568   -0.21906    0.81844   -0.53119    1.0000000000      2      0 
-197.03428650  193.05082703  599.08831787   -0.10651    0.78504   -0.61022    1.0000000000      2      0 
-274.43896484  109.00891876  669.59155273   -0.14854    0.79655   -0.58604    1.0000000000      2      0 
-321.76733398   55.09468460  594.17419434   -0.14193    0.80988   -0.56917    1.0000000000      2      0 
-306.38534546   41.21801376  568.14331055   -0.16782    0.74212   -0.64892    1.0000000000      2      0 
-303.21670532   12.31272221  520.94158936   -0.06656    0.77009   -0.63445    1.0000000000      2      0 
-198.76643372   23.06046104  512.45703125   -0.03905    0.86047   -0.50801    1.0000000000      2      0 
-224.98339844   29.70796204  529.78729248   -0.14551    0.82602   -0.54454    1.0000000000      2      0 
-255.25350952   45.87788010  562.85784912   -0.13034    0.84527   -0.51820    1.0000000000      2      0 
-252.02557373   74.49125671  607.73004150   -0.12925    0.84068   -0.52588    1.0000000000      2      0 
-184.68368530   88.65306091  614.26831055   -0.14565    0.83057   -0.53753    1.0000000000      2      0 
-169.30505371  141.36810303  693.36560059   -0.18854    0.82813   -0.52788    1.0000000000      2      0 
 -63.95115280  180.82121277  480.60089111    0.96776    0.25113   -0.01936    1.0000000000      2      0 
 -82.16888428   -1.94577050  444.02056885   -0.09521    0.83852   -0.53649    1.0000000000      2      0 
 -29.00465012  -11.34450912  416.25619507   -0.10624    0.83367   -0.54195    1.0000000000      2      0 
 -15.74637318    3.44531512  437.47607422   -0.09715    0.86428   -0.49354    1.0000000000      2      0 
 -20.17948341  115.30094147  621.37237549   -0.09154    0.87110   -0.48251    1.0000000000      2      0 
 -17.55554771  130.60029602  645.57525635   -0.09539    0.87198   -0.48015    1.0000000000      2      0 
  13.76058769   85.21928406  564.29675293   -0.08580    0.87721   -0.47238    1.0000000000      2      0 
-138.11157227  143.70085144  694.21997070   -0.08252    0.85301   -0.51533    1.0000000000      2      0 
-100.89640808  132.13999939  666.99761963   -0.06164    0.86511   -0.49778    1.0000000000      2      0 
 -64.97379303  139.32435608  670.61956787   -0.07522    0.85616   -0.51120    1.0000000000      2      0 
 -99.91498566  233.45333862  543.19567871    0.71532    0.49599    0.49224    1.0000000000      2      0 
-141.44439697   -2.19411516  457.01379395   -0.11099    0.83413   -0.54028    1.0000000000      2      0 
-190.89471436  125.79052734  677.03662109   -0.07996    0.87019   -0.48620    1.0000000000      2      0 
-308.12722778  110.28688812  443.16787720    0.84608    0.45260    0.28161    1.0000000000      2      0 
 -15.28998756  159.93457031  358.64257813   -0.29954    0.81344   -0.49861    1.0000000000      2      0 
-251.10287476  162.70950317  563.07348633   -0.13466    0.84762   -0.51323    1.0000000000      2      0 
-188.22547913  140.11105347  510.38491821   -0.15013    0.85658   -0.49369    1.0000000000      2      0 
-270.20220947  220.39494324  571.83892822    0.59866   -0.32270   -0.73312    1.0000000000      2      0 
-157.14439392  -31.95547485  411.92532349   -0.12594    0.83696   -0.53257    1.0000000000      2      0 
-253.29820251  143.39071655  531.63012695   -0.14355    0.86387   -0.48283    1.0000000000      2      0 
-161.08303833  124.12550354  478.48101807   -0.03458    0.87324   -0.48606    1.0000000000      2      0 
-236.92417908   86.70269012  436.88549805   -0.22501    0.81950   -0.52707    1.0000000000      2      0 
-147.19883728  174.74731445  558.21447754   -0.15054    0.84789   -0.50835    1.0000000000      2      0 
-117.13694763  138.24392700  491.98953247   -0.05682    0.82895   -0.55643    1.0000000000      2      0 
-262.52651978  119.21773529  681.77581787   -0.09944    0.85767   -0.50451    1.0000000000      2      0 
-213.00149536  107.38272858  364.98074341    0.08559    0.47639    0.87506    1.0000000000      2      0 
 -86.29175568  154.01338196  411.61843872   -0.85709    0.17683    0.48387    1.0000000000      2      0 
-318.59527588   68.02824402  610.81018066   -0.13424    0.83632   -0.53155    1.0000000000      2      0 
-306.16500854   53.07242966  583.74096680   -0.16251    0.83982   -0.51796    1.0000000000      2      0 
 -75.13988495  209.65809631  498.54678345   -0.93985   -0.29393   -0.17404    1.0000000000      2      0 
-249.71366882  -36.93640137  424.24822998   -0.14688    0.84463   -0.51480    1.0000000000      2      0 
-281.31311035   -4.55616570  483.86795044   -0.16308    0.81941   -0.54952    1.0000000000      2      0 
-308.31564331   23.99287033  536.54882813   -0.11615    0.82025   -0.56009    1.0000000000      2      0 
-235.73187256  -25.98563004  439.02395630   -0.13556    0.83474   -0.53370    1.0000000000      2      0 
-171.46064758  220.19657898  596.64331055   -0.15677   -0.47499   -0.86592    1.0000000000      2      0 
  36.31678772  158.67982483  328.38415527   -0.25133    0.82541   -0.50550    1.0000000000      2      0 
-221.24032593    2.30520391  481.95834351   -0.12038    0.83598   -0.53539    1.0000000000      2      0 
-197.09757996    2.82342362  477.54687500   -0.11388    0.84059   -0.52958    1.0000000000      2      0 
-224.27995300  107.53358459  362.81362915   -0.13585   -0.49005   -0.86105    1.0000000000      2      0 
-228.66447449   37.10958099  540.59924316   -0.13817    0.84277   -0.52024    1.0000000000      2      0 
-204.01550293   28.58935928  521.16534424   -0.11044    0.83965   -0.53179    1.0000000000      2      0 
-154.08370972  102.48041534  370.75207520    0.34932   -0.40919   -0.84293    1.0000000000      2      0 
-176.63722229   93.06524658  620.39404297   -0.13047    0.84181   -0.52377    1.0000000000      2      0 
-121.80629730  216.85836792  579.27221680    0.49225    0.56472    0.66240    1.0000000000      2      0 
-244.96018982   83.57534027  620.23004150   -0.11677    0.85795   -0.50029    1.0000000000      2      0 
-198.89001465  225.47651672  599.62042236   -0.07541    0.55701    0.82708    1.0000000000      2      0 
-261.86404419  227.55317688  578.89514160   -0.52875    0.43390    0.72949    1.0000000000      2      0 
-254.45776367   55.20551682  576.07501221   -0.14287    0.84817   -0.51010    1.0000000000      2      0 
-293.25534058  187.28686523  570.81311035   -0.78705    0.30155    0.53816    1.0000000000      2      0 
-330.64205933  156.22607422  477.72964478   -0.99043   -0.08946    0.10513    1.0000000000      2      0 
 -43.88257217  252.08987427  398.98013306    0.19875   -0.84371    0.49865    1.0000000000      2      0 
-128.82472229  286.59463501  475.93115234    0.12342   -0.84305    0.52348    1.0000000000      2      0 
-144.08982849  294.79104614  493.27673340    0.13211   -0.83915    0.52762    1.0000000000      2      0 
-173.15454102  319.28070068  540.33215332    0.17430   -0.78789    0.59063    1.0000000000      2      0 
 -45.34506607  296.99270630  473.34829712    0.16073   -0.84513    0.50983    1.0000000000      2      0 
-107.72232056  318.68267822  524.05395508    0.17076   -0.82386    0.54046    1.0000000000      2      0 
  -7.47150517  226.58781433  348.78555298    0.15281   -0.83256    0.53244    1.0000000000      2      0 
 -83.41757965  271.65951538  440.62402344    0.21165   -0.83669    0.50514    1.0000000000      2      0 
-238.10729980  309.00421143  538.11785889    0.14411   -0.82093    0.55255    1.0000000000      2      0 
 -99.22035980  330.68109131  541.81951904    0.16564   -0.84182    0.51372    1.0000000000      2      0 
 -92.70928955  223.39833069  362.37701416    0.13614   -0.86973    0.47439    1.0000000000      2      0 
   7.71735001  240.98052979  368.98300171    0.17786   -0.83364    0.52289    1.0000000000      2      0 
-317.14611816  282.90933228  512.70605469    0.07324   -0.82704    0.55735    1.0000000000      2      0 
-284.42898560  288.74288940  514.90240479    0.08949   -0.81884    0.56701    1.0000000000      2      0 
-363.13259888  229.59138489  435.86166382    0.07707   -0.82594    0.55847    1.0000000000      2      0 
-319.40621948  170.62544250  331.67779541    0.08734   -0.85633    0.50899    1.0000000000      2      0 
-326.04684448  200.77603149  381.18057251    0.05738   -0.85662    0.51275    1.0000000000      2      0 
-262.77496338  149.06350708  284.23876953    0.13309   -0.86095    0.49097    1.0000000000      2      0 
-293.41268921  247.57400513  449.97219849    0.10101   -0.85066    0.51593    1.0000000000      2      0 
-275.41580200  166.05386353  314.38925171    0.11401   -0.87881    0.46334    1.0000000000      2      0 
-250.71382141  178.81977844  329.11022949    0.07676   -0.87099    0.48526    1.0000000000      2      0 
-216.33157349  139.05448914  257.83221436    0.07423   -0.86151    0.50229    1.0000000000      2      0 
-193.34207153  150.58534241  270.65930176    0.11811   -0.86236    0.49234    1.0000000000      2      0 
-121.07888794  160.08120728  269.01181030    0.13512   -0.84803    0.51243    1.0000000000      2      0 
-263.27212524  218.01258850  395.28353882    0.12429   -0.83103    0.54216    1.0000000000      2      0 
 -82.30246735  194.69117737  314.44366455    0.12921   -0.86459    0.48558    1.0000000000      2      0 
-208.61038208  195.86383057  345.99258423    0.10225   -0.84832    0.51952    1.0000000000      2      0 
-199.41386414  215.76283264  374.64852905    0.16617   -0.81509    0.55499    1.0000000000      2      0 
-126.87874603  242.29267883  401.37725830    0.11184   -0.86013    0.49765    1.0000000000      2      0 
 -54.51953888  229.09254456  363.09945679    0.14780   -0.82371    0.54742    1.0000000000      2      0 
 -33.60747147  275.48876953  433.50311279    0.12581   -0.85964    0.49517    1.0000000000      2      0 
 -14.11208630  212.48663330  327.69155884    0.15444   -0.81992    0.55125    1.0000000000      2      0 
 -97.32285309  315.91366577  516.52893066    0.13664   -0.84167    0.52241    1.0000000000      2      0 
 -45.90136719  245.32263184  388.15881348    0.16843   -0.85779    0.48561    1.0000000000      2      0 
 -39.90793991  290.79623413  461.89575195    0.14730   -0.84331    0.51684    1.0000000000      2      0 
-305.03427124  166.59843445  321.20291138    0.08851   -0.81283    0.57573    1.0000000000      2      0 
